472
551
137
423
209
732
286
327
196
612
571
120
362
619
359
654
96
464
118
438
812
468
617
745
682
63
185
747
684
803
492
646
632
484
37
788
578
74
62
502
613
352
535
695
647
625
254
299
132
88
576
149
213
748
248
635
556
104
430
113
662
221
478
669
640
738
604
414
792
261
817
203
223
645
354
194
234
9
690
827
426
228
680
293
595
158
255
736
32
139
251
45
15
508
598
802
395
550
651
377
608
289
753
324
602
441
127
737
510
496
649
553
787
16
799
686
347
183
75
565
458
282
518
392
452
524
463
545
71
171
147
224
34
249
208
387
741
782
304
226
277
685
687
124
229
701
705
627
154
760
239
814
417
462
119
634
683
778
49
409
763
232
100
328
636
295
231
626
11
416
219
238
184
544
81
559
283
160
7
373
274
38
659
134
65
177
531
337
215
718
133
345
106
192
780
28
122
170
549
696
97
536
110
296
321
585
210
290
68
8
333
105
506
212
777
292
693
818
494
675
628
657
86
593
318
721
140
361
52
678
483
18
689
35
575
340
446
702
722
363
54
400
109
402
17
580
176
679
384
591
294
529
606
519
42
310
162
246
128
233
314
616
473
749
115
257
201
144
742
688
230
708
272
448
581
152
527
112
46
322
513
70
440
276
442
320
89
801
90
103
258
784
757
186
349
731
762
268
489
439
815
80
278
355
574
267
582
795
317
744
357
164
399
735
371
480
761
260
770
471
712
91
169
36
781
55
31
26
620
460
266
313
252
643
173
765
141
216
603
650
521
235
287
511
652
5
727
664
263
470
312
697
746
597
772
609
456
245
631
22
379
539
555
517
94
810
534
256
404
243
78
720
507
488
806
725
457
564
61
284
64
525
514
459
403
24
432
121
594
311
178
199
174
40
557
498
66
724
207
561
624
411
592
135
692
568
605
495
469
706
348
77
579
587
674
175
791
648
360
486
301
376
505
623
776
694
789
449
218
336
394
297
344
342
339
217
467
161
131
264
546
546
264
131
161
467
217
339
342
344
297
394
336
218
449
789
694
776
623
505
376
301
486
360
648
791
175
674
587
579
77
348
706
469
495
605
568
692
135
592
411
624
561
207
724
66
498
557
40
174
199
178
311
594
121
432
24
403
459
514
525
64
284
61
564
457
725
806
488
507
720
78
243
404
256
534
810
94
517
555
539
379
22
631
245
456
609
772
597
746
697
312
470
263
664
727
5
652
511
287
235
521
650
603
216
141
765
173
643
252
313
266
460
620
26
31
55
781
36
169
91
712
471
770
260
761
480
371
735
399
164
357
744
317
795
582
267
574
355
278
80
815
439
489
268
762
731
349
186
757
784
258
103
90
801
89
320
442
276
440
70
513
322
46
112
527
152
581
448
272
708
230
688
742
144
201
257
115
749
473
616
314
233
128
246
162
310
42
519
606
529
294
591
384
679
176
580
17
402
109
400
54
363
722
702
446
340
575
35
689
18
483
678
52
361
140
721
318
593
86
657
628
675
494
818
693
292
777
212
506
105
333
8
68
290
210
585
321
296
110
536
97
696
549
170
122
28
780
192
106
345
133
718
215
337
531
177
65
134
659
38
274
373
7
160
283
559
81
544
184
238
219
416
11
626
231
295
636
328
100
232
763
409
49
778
683
634
119
462
417
814
239
760
154
627
705
701
229
124
687
685
277
226
304
782
741
387
208
249
34
224
147
171
71
545
463
524
452
392
518
282
458
565
75
183
347
686
799
16
787
553
649
496
510
737
127
441
602
324
753
289
608
377
651
550
395
802
598
508
15
45
251
139
32
736
255
158
595
293
680
228
426
827
690
9
234
194
354
645
223
203
817
261
792
414
604
738
640
669
478
221
662
113
430
104
556
635
248
748
213
149
576
88
132
299
254
625
647
695
535
352
613
502
62
74
578
788
37
484
632
646
492
803
684
747
185
63
682
745
617
468
812
438
118
464
96
654
359
619
362
120
571
612
196
327
286
732
209
423
137
551
472
