199
603
129
566
149
776
539
463
562
706
609
614
34
824
304
513
723
319
294
471
34
433
408
368
500
28
223
627
704
432
383
24
486
795
681
336
243
717
338
256
445
28
105
239
554
367
463
565
203
684
675
546
72
229
366
659
337
524
255
704
126
695
338
73
607
813
531
801
178
769
14
690
684
664
99
149
309
625
186
693
680
61
458
546
359
14
544
725
125
426
325
214
579
513
360
761
319
547
214
22
141
491
118
785
607
587
243
3
558
316
78
306
306
777
510
789
564
383
317
524
153
70
145
464
771
625
353
129
7
402
700
87
186
771
477
283
613
119
239
453
368
483
67
586
810
22
325
443
446
666
435
706
617
554
119
497
815
436
153
337
320
123
582
455
461
13
813
785
597
222
156
483
408
475
609
435
85
305
201
544
769
84
590
357
582
220
800
24
564
731
615
369
3
336
532
421
455
357
275
635
72
458
152
204
621
7
603
381
226
402
621
643
382
664
203
578
492
85
666
805
442
294
761
411
523
411
360
304
636
493
67
156
16
399
256
695
55
504
731
789
535
350
525
558
369
807
55
126
627
116
60
497
613
757
620
776
99
382
58
152
61
53
205
626
70
436
285
116
223
445
399
44
597
118
573
648
202
725
201
676
578
565
539
620
371
477
464
165
205
290
229
635
710
84
178
606
648
134
141
810
826
636
824
471
442
265
443
426
703
648
384
531
13
346
532
681
5
350
68
777
78
469
350
358
486
800
394
320
659
264
205
730
693
87
822
381
199
630
381
427
353
309
768
620
600
367
617
247
475
433
148
636
271
579
547
40
442
343
614
475
374
453
105
651
116
104
255
317
163
800
215
396
532
762
587
73
711
399
298
500
453
472
617
562
170
578
759
690
359
216
635
462
267
320
744
317
432
403
55
688
717
587
673
13
329
724
84
332
359
675
365
382
136
566
353
208
87
263
520
152
352
675
690
393
201
574
397
443
98
547
723
751
411
52
723
579
460
810
112
756
597
232
73
717
19
369
250
106
777
418
78
106
282
731
386
432
255
628
436
139
154
477
677
309
566
742
621
476
263
693
447
464
154
470
497
745
105
500
816
156
242
112
141
774
426
397
512
85
509
562
367
194
613
470
139
70
251
659
267
212
357
376
329
531
430
118
756
242
67
297
433
614
29
666
512
574
725
713
178
724
376
455
354
215
486
387
789
282
250
558
193
681
396
354
582
212
462
229
209
61
520
476
402
448
199
630
448
7
742
136
99
624
565
170
509
435
29
343
471
479
360
751
52
761
479
824
148
297
483
816
298
445
181
126
403
386
564
387
358
5
193
3
19
688
695
181
223
651
745
119
194
600
539
624
664
365
352
458
209
290
264
251
153
628
104
627
181
256
711
232
785
430
384
606
713
544
393
759
203
624
776
768
677
771
447
730
53
209
72
216
332
769
713
202
703
774
22
460
271
304
479
294
40
98
325
774
134
573
430
813
673
762
336
193
525
469
418
306
418
68
535
387
24
163
744
337
251
626
165
447
186
208
427
603
448
226
822
208
625
677
371
757
194
554
472
374
408
297
493
826
460
214
98
265
805
29
609
247
472
239
745
60
285
628
524
744
394
220
354
421
346
673
607
232
44
16
816
368
374
247
706
509
492
676
393
14
332
710
275
212
123
394
163
383
386
504
807
19
243
762
346
461
376
590
710
216
546
352
58
643
742
129
427
822
700
476
204
58
365
684
759
676
305
512
446
265
40
319
52
523
523
751
513
271
826
586
242
222
44
711
338
688
807
615
282
510
68
469
316
250
615
504
403
704
104
285
815
470
283
371
768
149
136
643
204
520
680
730
165
145
139
815
60
651
28
298
16
222
756
491
134
703
125
574
305
492
170
463
600
757
283
154
145
626
264
366
462
275
590
724
801
384
573
491
112
586
493
148
34
343
805
446
397
125
202
606
801
329
461
421
396
795
358
535
510
106
316
525
5
795
215
220
123
267
366
290
53
680
263
700
226
630
